feature 0= 0.0341218278097474	313.069749240126	0.970592915051033	20290.2439098681	0.298543876493912	244.681139030816	80847.9208243827	5.10254555975356	11.4112407978785	312.991223349315	3.23931519935365	-0.261786140648453	0.983791538210518	0.00771541324026829

feature 135=0.0331156874561479	406.586738275128	0.961711789479450	20241.6969696561	0.271534935739376	244.394316218617	80560.2160569932	5.11242058939429	11.5892662977629	406.496186287748	3.37995548222364	-0.235864084058695	0.977191812430187	0.00744533207493719

feature 45=0.0331156874561479	406.586738275128	0.961711789479450	20241.6969696561	0.271534935739376	244.394316218617	80560.2160569932	5.11242058939429	11.5892662977629	406.496186287748	3.37995548222364	-0.235864084058695	0.977191812430187	0.00744533207493719

feature 90=0.0337997676847411	253.153719513141	0.976194579319551	20269.0156036836	0.299513698708726	244.555718922949	80822.9236217170	5.11612371261255	11.2774242102784	253.084400568570	3.14254701150331	-0.282678885989346	0.987717970826581	0.00770213502450953

glrlfearure16=0.654233281835687	201.057572132741	291348.176302200	1.62504379687559	1008520.86017997	46.7711829447256	291348.176302200

glrlfearure8=0.516782800836614	340.435877453338	352102.605110226	1.05263964253992	432704.255460305	13.9032488855235	352102.605110226

glrlfearure6=0.459427004447491	437.929904819574	359556.729914659	0.854071396341361	290558.262389918	8.60937574507541	359556.729914659

glrlfearure4=0.393120749519194	727.009552887181	322031.478867374	0.589883471220766	156772.676317454	4.71715914209221	322031.478867374